p-værdi for p_mv = 0.17537085889990844 vs tabelværdi = 0.17
p-værdi for p_mv_c = 0.022347956078913045 vs tabelværdi = 0.03
p-værdi for p_min = 0.308223561787794 vs tabelværdi = 0.3
p-værdi for p_min_c = 0.3741131764616311 vs tabelværdi = 0.41
p-værdi for p_g_min_c = 0.30304635861941653 vs tabelværdi = 0.31
p-værdi for p_bs = 0.17544268776390226 vs tabelværdi = 0.19
p-værdi for p_bs_c = 0.02255154880689625 vs tabelværdi = 0.06

mv_oos = 26154.177104576684
mv_c = 8.036984962273266
min = 19.17191144668579
min_c = 2.1822346376220167
g_min_c = 0.8290661936118282
bs = 26057.66496327888
bs_c = 8.026218425885624

naive = 0.13673787441253263
mv_is = 0.21421373046280076
mv_oos = 0.07005583775393366
mv_c = 0.06206452777398433
min = 0.1568880368131975
min_c = 0.14653573167148926
g_min_c = 0.14707532090993336
bs = 0.07007874157471246
bs_c = 0.06223031239793781
