p-værdi for p_mv = 0.11911923806013869 vs tabelværdi = 0.17
p-værdi for p_mv_c = 0.05519174324514997 vs tabelværdi = 0.03
p-værdi for p_min = 0.04577620940242788 vs tabelværdi = 0.3
p-værdi for p_min_c = 0.15333967718350272 vs tabelværdi = 0.41
p-værdi for p_g_min_c = 0.15333967718350272 vs tabelværdi = 0.31
p-værdi for p_bs = 0.11874767410778275 vs tabelværdi = 0.19
p-værdi for p_bs_c = 0.055868826999371346 vs tabelværdi = 0.06

mv_oos = 45.297400846134224
mv_c = 4.271739668299042
min = 7.7995599659768695
min_c = 0.001440663039084628
g_min_c = 0.001440663039084628
bs = 45.05232985012313
bs_c = 4.271992429257894

naive = 0.1882745016287846
mv_is = 0.4020491336294552
mv_oos = 0.07969436228782206
mv_c = 0.0762751011751864
min = 0.08228433132564769
min_c = 0.1882459911389948
g_min_c = 0.1882459911389948
bs = 0.07966853835217585
bs_c = 0.07674481662405684
