p-værdi for p_mv = 0.47061249532170657 vs tabelværdi = 0.03
p-værdi for p_mv_c = 0.060079759791246246 vs tabelværdi = 0.17
p-værdi for p_min = 0.3663174911323998 vs tabelværdi = 0.21
p-værdi for p_min_c = 0.4999683988807724 vs tabelværdi = 0.16
p-værdi for p_g_min_c = 0.4999683988807724 vs tabelværdi = 0.19
p-værdi for p_bs = 0.4792742487363981 vs tabelværdi = 0.03
p-værdi for p_bs_c = 0.08760597719786767 vs tabelværdi = 0.15

Turnovers
mv_oos = 2.0616193164805448
mv_c = 4.061338431233034
min = 0.3501096845532107
min_c = 2.5239202485325402e-05
g_min_c = 2.5239202485325402e-05
bs = 2.01596019145437
bs_c = 4.181001286891508

Sharpes
naive = 0.22432337504491823
mv_is = 0.2865993663110361
mv_oos = 0.21888058720178674
mv_c = 0.11009972132048258
min = 0.24958613489630857
min_c = 0.22432922423056728
g_min_c = 0.22432922423056728
bs = 0.22048622822956798
bs_c = 0.12464430452913566
