p-værdi for p_mv = 0.011753945846790681 vs tabelværdi = 0.03
p-værdi for p_mv_c = 0.1762808596321992 vs tabelværdi = 0.17
p-værdi for p_min = 0.4047203730212427 vs tabelværdi = 0.21
p-værdi for p_min_c = 0.49992833869969716 vs tabelværdi = 0.16
p-værdi for p_g_min_c = 0.49992833869969716 vs tabelværdi = 0.19
p-værdi for p_bs = 0.011818532155501882 vs tabelværdi = 0.03
p-værdi for p_bs_c = 0.1880178405611389 vs tabelværdi = 0.15

Turnovers
mv_oos = 3834.2275964041355
mv_c = 9.64501902255844
min = 7.010055377965584
min_c = 0.0007912145202973807
g_min_c = 0.0007912145202973807
bs = 3799.206966924425
bs_c = 9.611564287731769

Sharpes
naive = 0.12791436635729553
mv_is = 0.21318937426546997
mv_oos = -0.07204913387062747
mv_c = 0.04587685222731132
min = 0.1492481275862208
min_c = 0.12793024606278058
g_min_c = 0.12793024606278058
bs = -0.07186305160739032
bs_c = 0.04979207647460109
