Mkt-RF3:

p-værdi for p_mv = 6.653616969276577e-06 vs tabelværdi = 0.02
p-værdi for p_mv_c = 0.3142928280622339 vs tabelværdi = 0.02
p-værdi for p_min = 0.05763517644922999 vs tabelværdi = 0.01
p-værdi for p_min_c = 0.49902773219634755 vs tabelværdi = 0.35
p-værdi for p_g_min_c = 0.49902773219634755 vs tabelværdi = 0.47
p-værdi for p_bs = 6.237364541195056e-06 vs tabelværdi = 0.02
p-værdi for p_bs_c = 0.31361082307350696 vs tabelværdi = 0.03

Turnovers
mv_oos = 6832.050447916118
mv_c = 7.405888783470012
min = 21.542620590438077
min_c = 0.0031843376409946937
g_min_c = 0.0031843376409946937
bs = 6779.045751241213
bs_c = 7.549278767414448

Sharpes
naive = 0.16248633824298686
mv_is = 0.5255436322534199
mv_oos = -0.03778783295035162
mv_c = 0.1980526010924327
min = 0.27883247976933145
min_c = 0.16266525076287947
g_min_c = 0.16266525076287947
bs = -0.03787449853431388
bs_c = 0.198194209321578
